0.3003451863321026,0.37678512334646674
0.4774614824293618,0.5658109359407675
0.8287211721885699,0.03652368925838412
0.8737464639764065,0.20143865810413264
0.6871254904514698,0.3620695032871649
0.4512916117921669,0.012816796588685064
0.8096318048419845,0.3497600095877268
0.6311682109377018,0.7151062031608229
0.14404616623757494,0.5050189844266876
0.3210917881294181,0.9363833260679059
0.17347183504157382,0.49992032107955586
0.5102258234080183,0.056738239074213714
0.2999965870485314,0.38730931404024116
0.09013673742507211,0.7410304402721746
0.8266170294698654,0.11662949806614265
0.7205345213808222,0.8250012490383938
0.6338659235741139,0.4335164183564043
0.43440932792274,0.6919797614526864
0.2892105562088497,0.11338448785206723
0.3344014423079673,0.7862096827736105
0.2501405742317495,0.8786466440457885
0.1707181282745912,0.44886214199200025
0.02596687883593174,0.2798708475511371
0.810637844408801,0.8340894870293232
0.6487033445554715,0.28309133121083174
0.610618406593404,0.2650138411595203
0.5700053467757521,0.2986568504928203
0.48425284203466135,0.023333153211193558
0.14899075904800407,0.9114119006468773
0.022792586005511928,0.23126698348176622
0.22486999390056228,0.6276712648746038
0.3696846830985798,0.1808525012237443
0.8786642370403421,0.5413619398932041
0.6765462803358129,0.19314121258580497
0.37989139054487175,0.9398710451724277
0.8752256866134216,0.8486353925433865
0.486951851305118,0.5195520163587426
0.18907648431613744,0.22034219150080558
0.7240472024880786,0.061505225250122364
0.2762975432522744,0.5621129268896737
0.992816676639604,0.13016417142772085
0.14916787058478942,0.7574737068138967
0.8934775926434475,0.6003812164270939
0.04523282130283435,0.7179428163205848
0.42810811188851505,0.5931217865770724
0.23997355180171498,0.8348692288309648
0.33781135159734454,0.705539896302733
0.38521910525811853,0.5351157816923348
0.1858522794800056,0.2581212613207884
0.33353662522556593,0.9684495435775423
0.44045971975153897,0.6497455202334411
0.5660619148890581,0.8632908962775152
0.23383792319793228,0.8109317826089131
0.2797087612195649,0.6275123013398426
0.17803334762822587,0.17619692321713376
0.9094228841953635,0.8422660285780686
0.6036538561097102,0.558369483935334
0.3621217432505033,0.39936010503166974
0.8540394092446439,0.8008661260375006
0.5211890724087358,0.6664899871297302
0.8153344762303805,0.10835207261639013
0.6438687945424884,0.2296731246482947
0.6920144417768139,0.5118705228502406
0.11863007270932935,0.958522303267607
0.1477692602811882,0.011440335253156575
0.6755514722898985,0.3675326897296698
0.3232497252535935,0.557285307955936
0.5499988429836047,0.5053470683850121
0.9150328350796744,0.1802726221911738
0.2883484803034245,0.8940019131492987
0.4542649021604459,0.2628016558401074
0.8542326635141552,0.3614470224255427
0.15879155927132194,0.15329880294686438
0.4447628440953296,0.9631697310959092
0.24918676245282634,0.07063784121633843
0.958410466304613,0.5725440940736856
0.41694314788453446,0.5192196220510504
0.3697035236063231,0.1345645839275995
0.21218869269290863,0.24110858218501374
0.36062272486337954,0.023912716043806848
0.47864538417769675,0.06853798453172233
0.43455761700753814,0.42584402590805703
0.6051476924578121,0.9082596814848486
0.3959102609079953,0.16717224259268004
0.2858901904897748,0.48862825694865886
0.5169097150677469,0.9646662873388444
0.6856746727998899,0.4309736289293651
0.9329280450551865,0.6294644871816053
0.3917795123451382,0.6687299120363766
0.8085643583536263,0.3686504421758027
0.30067482814853086,0.2309527855200767
0.5989904448159487,0.9589227595673375
0.6356590267537394,0.9312716550220727
0.29452803009333894,0.23233106308253149
0.6205937740822915,0.5589862072093083
0.8811539895101264,0.010338859832132785
0.9452658979893365,0.7559325608407135
0.3756068530380805,0.35001377113983967
0.049506160404426125,0.8809063488248013
0.7009940532657839,0.7249337455304546
0.4260471356792762,0.8128460399389692
0.35727625178850175,0.5534379272425752
0.5962026978197896,0.8246421010098053
0.31073156297072935,0.30813884355271437
0.14780457732284868,0.37135328855001537
0.7774788308770445,0.29315277554517727
0.2414320170735399,0.8797740952169985
0.6083661397920671,0.05929341740978045
0.28882259558631396,0.40071225719773995
0.796006767326004,0.3425130401182027
0.08645360432341698,0.29099891587445503
0.21947177368056114,0.3571651627043072
0.5476352304944445,0.9291683686292833
0.11812482641132316,0.25320063535445736
0.3180579559345432,0.8369079833986489
0.9433113128158142,0.5551994340420384
0.9825885562940433,0.47779342871638075
0.1750905303199315,0.44117826031898355
0.27521029332607183,0.4354879334372236
0.4109262175863321,0.7904039259718464
0.68935473724012,0.6354987901610827
0.5342273127591514,0.03198151522979542
0.15247403321269004,0.767748114455489
0.052857391673902354,0.9597747252977258
0.976554051466763,0.09162898157832355
0.7612074201739826,0.8442557200455446
0.1253704209255314,0.3608820812034391
0.7241539347171263,0.3681702965811787
0.9496410466207464,0.6925423609798136
0.20720020636627434,0.14044341024533546
0.9328302017805361,0.822368788133637
0.5843254130566972,0.8015392660231483
0.6632109946612014,0.3385847156590823
0.44354273763378627,0.023529054855320752
0.20189414796074678,0.16642018894340627
0.07989450048784541,0.02940863259916271
0.2518832937911284,0.7878620918306648
0.31658837757489056,0.6087472772811025
0.0498179955056155,0.4241810282680649
0.12720583139170105,0.9905383237909097
0.6999173814270534,0.6832193795202893
0.8453899781042741,0.34916046089889496
0.748738869644127,0.9790875540503802
0.8431473891797726,0.1656486875350015
0.1597182159545354,0.36883064548641276
0.4348737109038402,0.14401241484524696
0.4880584922944944,0.3187910781740122
0.42144098022845067,0.8911268600838924
0.9793868390217653,0.31280737459151353
0.12715991998501042,0.10876418312395597
0.519700346824781,0.1450526743018703
0.002157527641866941,0.6176183257282255
0.8494727855463202,0.20223130530748434
0.8636871562464958,0.13571803917061942
0.22139642917333024,0.033015409893726866
0.6321138765810483,0.36741024137492195
0.7290843523762126,0.02701760999160152
0.9807957970554801,0.6241363524904873
0.8631600079147173,0.08126024488182071
0.6638071956749848,0.8945121490262957
0.4615130084925603,0.7190150087598646
0.4114271956694471,0.008761153443220482
0.11210078977990523,0.24405180771427848
0.19054309255684598,0.3013410738375979
0.239528278069981,0.1627488432656673
0.315594964692269,0.9656409412291893
0.5607385034343885,0.28718047181773165
0.36541404213102535,0.11591660844653451
0.33049914831404203,0.6442136023530429
0.11228445014050004,0.42417071761310965
0.8139713501770687,0.5588067867267632
0.7017839848439249,0.08347252676674388
0.7214985941621853,0.054120963145349754
0.1354365905315572,0.76425191809952
0.9198554759246772,0.01671459007401377
0.7029355371019694,0.17639132515090172
0.5945470557006243,0.41200956386715815
0.386672657153987,0.8274779027209326
0.17935168217649222,0.20337918996470972
0.4185362001009838,0.5763675859149292
0.7921514231307297,0.5276229221374913
0.10741574955653743,0.6212518346153535
0.6201957314898393,0.11025657885099271
0.7755794653180383,0.6327066430853567
0.6832957600181708,0.8659616777792799
0.1430657584830679,0.8447427650161969
0.6700483534024151,0.1227001652873605
0.7814574189967345,0.05066485514325303
0.09003973106246277,0.9324164174209884
0.3218836181359538,0.6155864920609693
0.814081418090632,0.486911230551759
0.9468208556357443,0.8137374058332274
0.18488143450676398,0.7443872375835334
0.321241358829343,0.026237153602778562
0.2721563017436369,0.9903292165340253
0.5258832867447378,0.5938003922963296
0.5190404042599001,0.20579638548483714
0.7438941171910469,0.4088760096723355
0.9807507544800096,0.7968683722511855
0.42182501133970607,0.6530129353308431
0.5918174594987134,0.4509003205196508
0.3769303840064241,0.43778368024830716
0.4147906449640807,0.6284066642256331
0.8549536269912308,0.49138595928108464
0.6211873828895532,0.4738072301731887
0.8560566394124598,0.44808191400407826
0.03454269138320021,0.7339334557339492
0.14127691692971245,0.7439235179192375
0.42578079972320193,0.6101063805791082
0.20787290140455983,0.5997512505463295
0.3927244560853477,0.337762225240839
0.17914491670420052,0.08124341067788132
0.5784113210584387,0.6870156260530215
0.9927950467916159,0.7658308380780022
0.18698801901222073,0.5082142553312395
0.49161674572154945,0.11758274953140646
0.24130464354350023,0.9084530629313019
0.021280423111282865,0.2737065827365448
0.7929331229394526,0.6381800020393306
0.922209029514287,0.5800953326426846
0.343185214525225,0.7914394724213362
0.8660130204229578,0.87839403310104
0.0628067644526411,0.9789639045241473
0.3316817886365597,0.243346462721443
0.008377311577333013,0.7202373217261493
0.642704207400338,0.5967220345580787
0.4250446585923907,0.9188194865515596
0.8935182251557732,0.3829120289578113
0.3980764207291093,0.9346330650070989
0.7821655912136929,0.2813235197670759
0.5698116330534357,0.9475801744561899
0.8357545732119331,0.7519877214454844
0.37394732294168775,0.018768669909761115
0.7663099534696637,0.06333977538869773
0.255696446926273,0.498793077923803
0.7268163030512744,0.3349146977690738
0.6442050040812015,0.20692861202780266
0.05073684405046419,0.04274424584329328
0.02271793340417816,0.11076098690439129
0.6530170461718601,0.3815281443647942
0.30233483518890214,0.07268886652698991
0.646558673361591,0.8551921919112556
0.8467982073131944,0.5978997043366149
0.8853761212058044,0.476234761756415
0.9186081159457686,0.41783386363264874
0.08412402639094618,0.9943026002183339
0.020859546315324384,0.17381619896181866
0.8834113634519298,0.6457254449122706
0.5945492269660334,0.4274477062347264
0.7312939273297722,0.018278370845179026
0.7977010815232858,0.717514615951901
0.7335632941457028,0.7592296274095144
0.6405107892909531,0.4075860857003465
0.6889278154112047,0.01977114185123785
0.579811317781194,0.6241355625740297
0.36990666927858606,0.725217210474121
0.7865129500573775,0.671934992982333
0.7362351469813591,0.9878970387226036
0.6912732079453996,0.9316356544624155
0.1748061816611325,0.23845461263804768
0.0865030064479323,0.39386235563978955
0.0486488703686927,0.9413095659729047
0.01691757045184561,0.664813060095105
0.8071720803704743,0.08132098774193064
0.9261917476676885,0.4902691076411435
0.660877351668235,0.9612357128399999
0.043881328635012595,0.5880855894617485
0.3559721310992451,0.2332910650683384
0.794622823911682,0.8536458598186426
0.8977905584221707,0.5033819745953044
0.09072690497720004,0.8084273997964295
0.16665622543897252,0.2924905624764135
0.7296309632746134,0.498741312766265
0.24579705696162413,0.6176159665277415
0.7592787346631507,0.9198707377016435
0.9381498614493037,0.9632308274885965
0.5973459937675992,0.44024872161106254
0.3873680103707463,0.9543303693720471
0.8943333731797979,0.6309787532846091
0.9380726768862289,0.6134285156392355
0.6158981710183435,0.3679167705167353
0.371364367759497,0.6863950993102592
0.5863994678099477,0.06669590248954527
0.4338382946935697,0.15581689398054988
0.783481671962051,0.43549090557913506
0.1418234541579686,0.7256042997550896
0.002623657977741334,0.18598183168606963
0.6872918930988977,0.7568549590353588
0.12093206057325445,0.7298915808300445
0.8978614422912882,0.8625240107911044
0.08105877115225957,0.006635476764186077
0.11054145444434094,0.12724035359501806
0.8889743549778817,0.23703545855834984
0.007347669678782531,0.7086470166248657
0.37343068474091656,0.5787150845315022
0.430639276456802,0.3979327261373914
0.19029758395211793,0.3707060708190163
0.44700718545889495,0.5697612410100198
0.5715597661935912,0.8979608663114047
0.9607697075386246,0.8355935396150398
0.6166122758828767,0.3808799162837597
0.9916078405608291,0.6294375129956508
0.502593507618301,0.2006262672093132
0.3255995333210373,0.9013485487053637
0.850847282286496,0.2079144173474372
0.6248880597552462,0.0715434380423362
0.6282063788880768,0.3311241362626479
0.2384472070294139,0.4067794514617805
0.3846417605622814,0.5990040320190159
0.894881542149767,0.02068917450247776
0.33292325476952134,0.12389419072356445
0.1779272242428065,0.7710506289838656
0.7612889937489967,0.5533104761245634
0.18629528943192553,0.4295118430587659
0.536722551811419,0.9908978436232531
0.06172569303575948,0.633077471594963
0.004288073126599956,0.41217374523189376
0.13259703706197157,0.2917043765679326
0.4170755273814307,0.15614673571279158
0.265163690657504,0.32264245101434996
0.14165965204474595,0.16080979496676218
0.6404683312559777,0.8096952771333276
0.2755776754235588,0.22867125699618784
0.5822043757801554,0.9443652060444648
0.9861823407127394,0.7579013679645666
0.2492798261505461,0.39588560194353506
0.8343289171935818,0.05533516798260085
0.9765601270960463,0.07843286831550733
0.5817054511435575,0.5594880421942884
0.7982444404925445,0.6363491902151506
0.4972182756759812,0.04490273253324728
0.22055619138588056,0.3519967987503727
0.9756949376581099,0.15356201125036928
0.6239053878294202,0.595902609239126
0.36126985859942984,0.40476453948520885
0.7694068212651948,0.38514231146951805
0.22816821979061086,0.1717755297882284
0.7606145779824903,0.09345098833099486
0.013205935611913966,0.9817282833666131
0.4685602590709451,0.8653371758191094
0.8171748000564596,0.8946664080392444
0.8666582771188889,0.826515883408261
0.3963836737622358,0.6482805994290199
0.9417688972729943,0.7542654508903094
0.8509780430485369,0.7168080473744507
0.8486856955679195,0.47385170607371074
0.28326156271812875,0.4257265734887722
0.7575406663985086,0.8809528529949839
0.7470953337971159,0.788289707948777
0.4070973534445941,0.15505646504715798
0.1385518927020566,0.7856127163293387
0.7216281075139143,0.4250898751895622
0.2883521234203327,0.39893393997933546
0.9750489304790084,0.8760838232109647
0.4082156816533782,0.8208400008046677
0.8932113069122901,0.044458822059426084
0.2161063870964116,0.9216567728320403
0.7737273085533024,0.8395618530333927
0.5194558111009187,0.22787313137518617
0.17243087437936544,0.6503712396258827
0.7707999486083315,0.38137748171134955
0.9565545207954383,0.748825471283389
0.12686529624585396,0.29145210032408275
0.5569272693458693,0.08502171732358232
0.8399924141811655,0.9658836527872865
0.06497653179838148,0.48456828597814927
0.3898862932767553,0.313212595266281
0.41504275315694816,0.20466451955869247
0.6240346094470323,0.045058374005112256
0.26849248085752964,0.7830206055090618
0.3167366725591523,0.17562121534019004
0.37334216000768927,0.12251921006020738
0.9795370759933788,0.5148752053565798
0.11158103712349365,0.7945592162275082
0.45995985757901137,0.9826320085405784
0.6661088467318532,0.6153115551713482
0.8507905138789521,0.5325676739017557
0.7401799083450095,0.6516558497994748
0.4987546614249375,0.9684703248355603
0.04447190223414432,0.9473557873370458
0.4492939426400171,0.9593791633871761
0.8303748168229554,0.425070058369161
0.49324100695301265,0.11595049007545777
0.5928208947967345,0.6160848502105916
0.0915471616973722,0.0772997872871315
0.691954289724061,0.09719314316905758
0.8458180314510808,0.1757332580836275
0.05016467763462673,0.7729345054697687
0.8552635285558807,0.3961962119713941
0.26948631660495936,0.43144910048583907
0.25477073761787317,0.02792965769572331
0.4840901211486386,0.32348767689639124
0.46415937493674986,0.6177408325616677
0.013573288350394175,0.8666590145527063
0.19528125208952984,0.5774570654776126
0.4149771953930459,0.9607853513938183
0.061476489016205615,0.07254654385155579
0.8449413076291389,0.8152749134315883
0.7130013972212952,0.6245541134378377
0.7381267405932442,0.6357102560341786
0.7823935741288641,0.1969132629831678
0.6840204862371126,0.9943898378308039
0.5653423169819758,0.4018605828398075
0.041457073558984536,0.2183495190511633
0.2854831940658352,0.8655925431127078
0.268671835143512,0.668429654633856
0.9956377360090698,0.719468275031418
0.16642555176170626,0.3542424668148958
0.6533704506019825,0.6469765912203577
0.23271771278673237,0.9324335215471475
0.6753370322664118,0.9093494946850267
0.10983166760461649,0.7694201595855111
0.322749433995802,0.29711772382299373
0.6679315342934458,0.4148288699184225
0.5993842627679856,0.010569263025352438
0.6141576381918449,0.5281424679046629
0.953913893262017,0.058984610997953824
0.6421433122868355,0.028607283142497275
0.9699394792719415,0.8866872929411935
0.044102921564294406,0.9972392998721714
0.3999583979283502,0.5833618863687751
0.39611715664045033,0.6498075176856941
0.3535987043764708,0.2167563278462763
0.39696867686257997,0.5209619078269021
0.18580601339347802,0.537798601743191
0.19185690896290664,0.8522118727821931
0.6472685547442854,0.5513227793275789
0.5445487111433834,0.060250966635474024
0.15721900746678652,0.22001269265017587
0.034996404248349045,0.07716217818545201
0.6378519489425781,0.8748362430947008
0.054183056969488774,0.30032710623872705
0.20994860275635296,0.7421569558180642
0.743930244905257,0.8674017922924258
0.19090105798856882,0.36587370160875343
0.1866302243109248,0.9805106726159352
0.2591803297386771,0.602353280157442
0.08834182546766578,0.043849500044126355
0.3533939733404132,0.2965851642676942
0.9184146955605742,0.4501766605870149
0.8594307493074257,0.7099010420727699
0.9697843069368743,0.9542120530975425
0.9057908406416468,0.26276657587832275
0.0863057295534172,0.7047510785226551
0.1350524051085169,0.18056623530307947
0.8669712716071293,0.17234102560562126
0.1485263139385513,0.18596655802734596
0.0015837230178022965,0.40565524717616175
0.9315026776012646,0.46835722376396194
0.018432898884388704,0.27724092926600763
0.9580941904373241,0.7790329407416017
0.1317505008217189,0.6381038829250122
0.34753319898722845,0.6501937844487405
0.06519432589642693,0.5906340747107299
0.39788052172689625,0.41650556709345976
0.697339626980271,0.41066363899926417
0.058455895827264404,0.9298752469046556
0.12613210045861334,0.0019891154469467986
0.4189016054266591,0.6012616038129738
0.28148311523790526,0.15047799223771874
0.09064186400300478,0.6777543292867296
0.5286650996209804,0.2599190519935852
0.4356029520192719,0.46881943078086796
0.799890653543338,0.6980650222891126
0.9574095675263551,0.572522768077786
0.6674362907474916,0.35885511833392514
0.8118756233772286,0.020707469123803723
0.4288978478906018,0.5555940229533007
0.3164582454782724,0.6615150211023213
0.7136412985711943,0.8999029169248278
0.5424459557869697,0.028304311358653966
0.33923932417267477,0.39254754473377185
0.5590031601414434,0.40593623778025345
0.14766031163835702,0.5547867847984078
0.6647951608367665,0.798556237635745
0.3332033946867907,0.06267486045052018
0.9907686525645136,0.027420828402309527
0.33764944804747066,0.011788913459037542
0.1867650628413201,0.24297831016444515
0.7328242694989222,0.6361431326096508
0.5149953331486816,0.7223278934283005
0.6367477786200876,0.03258922746322712
0.5650058477711172,0.9413456737634381
0.11676794561183157,0.20079268416067442
0.977617813078564,0.5601796732266935
0.7215564626855018,0.4989125518358487
0.019422641153026388,0.14148072562784175
0.7535684470481747,0.4364024799745153
0.5847689540108578,0.13264925690498797
0.14454587424128085,0.5778889316492163
0.21877670795379156,0.8865429834211845
0.8288702582204106,0.21587209401331975
0.05276715360141537,0.26950394161730296
0.32304744934313445,0.38503383508416766
0.12259766722981269,0.7112275457523994
0.8143333629286815,0.7372264408884399
0.40074263683367617,0.3879104735481014
0.43748613993671015,0.7737540809479151
0.014563132953059776,0.5982784302534645
0.5758572156461539,0.9403495095247776
0.5460593526854596,0.29150815217652826
0.9615097355982243,0.13028582708704228
0.012501764014577033,0.1367232421113923
0.06877970725569771,0.21235345958425256
0.1126882747337068,0.4856563940987354
0.7966716909051578,0.30297119827789276
0.5901761124636808,0.07323519749988083
0.7177075487549421,0.6354889383869661
0.11268898090565949,0.32526286467253984
0.23432310150573776,0.04477924183221438
0.8960015882604374,0.6980288132032917
0.8286342319511324,0.28150350797404744
0.4109549309964535,0.5615984235845021
0.21737063797178546,0.5979780055671429
0.903857594323395,0.7566956221543986
0.6310017894971506,0.3063537643792733
0.13337960773425628,0.1045050447578344
0.6245563412739736,0.2998635530372592
0.6811473215135105,0.8293859952105732
0.7973627889616062,0.8491780015005438
0.42859894746350913,0.0664030833610958
0.5499156940833029,0.3384525244132899
0.3092622051821817,0.3687434810439134
0.5382984778105557,0.9894350537923692
0.24346698035824232,0.40450429620524264
0.8000701027058377,0.037044184565052984
0.2416075403749055,0.8379978115252082
0.6202497300605945,0.26611620742335385
0.022420367006344866,0.7276363698908037
0.08201012189812484,0.2965584549745116
0.13434522006557037,0.6406227535092455
0.9039166444256521,0.5129358662738968
0.49088857991340384,0.08408577277468077
0.6040257883383349,0.0745560125975695
0.4350102499750951,0.7829653343809669
0.25088345216782015,0.013407705955901683
0.9329055285257033,0.7968647372724061
0.06243989581164766,0.02984678093711357
0.26415672867794193,0.46125239130197837
0.8961245472216356,0.2297120245814579
0.6230793241669343,0.6628089873996852
0.2368010025680174,0.7115930529081349
0.37519019241937335,0.014380725647759496
0.6340483042527317,0.6092612246279615
0.3230759760376255,0.08191212982776175
0.6661920560649032,0.92181356330685
0.227542035698724,0.9338975054790776
0.41573462388015114,0.22286896326328398
0.002773617814296192,0.9333031221907584
0.12931097106768197,0.13019453439781614
0.45834246745730267,0.8725764748316298
0.20502263975523016,0.23842973411510426
0.19624349558159915,0.2642732510095931
0.9009794561022658,0.07011419869547808
0.287748406830188,0.8429968287342575
0.1911046980897081,0.48401493193807277
0.6527135939281363,0.10875838477010868
0.007736327375089003,0.8947870385209784
0.6430822493093139,0.047530871533302266
0.7052831262823531,0.6042916490728615
0.19267163012811295,0.00168326979614708
0.955171567902087,0.5224336578148007
0.03693800413465531,0.03114626690158029
0.4395455063559883,0.5641704712176062
0.929263524207515,0.005573790917394961
0.6496572294008002,0.04938305477729876
0.48441093492658427,0.09842989862979967
0.8146154392407877,0.5035884841528933
0.26514320309904227,0.3158435547907994
0.48713174016102756,0.36001309905897494
0.994607033012856,0.1862388153027701
0.5951343442523704,0.19733397500763217
0.32493073330357514,0.7611610829538332
0.8315935450848131,0.3124357064010769
0.4215884480127131,0.6333851363971963
0.0996310190302444,0.6238185703203901
0.7334342304804746,0.7653037713027276
0.3559605442536383,0.1288328348233413
0.7099112423844698,0.5387607132783724
0.6029350630786696,0.3967037042654621
0.8997925031315893,0.5869049552280188
0.967951442478121,0.8693497133030684
0.8199117360600974,0.6493080873564411
0.778690241974982,0.06328712204535047
0.2176940501646233,0.903500229649946
0.29364542403402893,0.11845131528364694
0.8678975620040121,0.9692438592544996
0.2796243647740273,0.523555931839316
0.8418292875443524,0.05627947494475427
0.9413761532811985,0.2626486295177428
0.26639970627016685,0.5319406908742522
0.8032316995196774,0.0738125436090259
0.950731675971407,0.5219504772341206
0.018616656930201314,0.9885005841210809
0.8996420333742591,0.025874389487616112
0.24052416411595523,0.8287793748516098
0.6561643342244647,0.4281208249967543
0.6245110215981203,0.8797983626065473
0.6193841309709012,0.21604203496966212
0.7555077868553178,0.526089026679598
0.9692084434049232,0.17860405243077737
0.2907094698688596,0.24283782621350936
0.5962940566089514,0.35225765145535926
0.8930403534816566,0.9670658326697965
0.4832093338158987,0.5050562719416795
0.5931627857522538,0.5386868632584684
0.31200711112749624,0.0057314515907300745
0.06272665312917858,0.5977052528925716
0.6837369098919115,0.5113496908675483
0.40753248139404685,0.05135328296439412
0.2270268116837476,0.025339236617272998
0.9965077690059512,0.9837571720257944
0.04571643157097238,0.5270892771681119
0.5308730559106163,0.6707601415500817
0.4096245540537967,0.5549877345910995
0.027600177962760264,0.18381953671201212
0.3278859275458199,0.8366785296050371
0.6422422837150957,0.9194343043013946
0.6608939062294891,0.30348252703086653
0.2884414400921914,0.27434844321716323
0.7247365493586685,0.6003410567242777
0.824896188682578,0.6018145428098668
0.9211160304029423,0.508304681572078
0.17529836915845665,0.5304910434941763
0.7860920598198282,0.5335037786068838
0.12272449996001855,0.705085768312653
0.9925923616264872,0.2847021821282948
0.6771940403197791,0.016647343456866803
0.2644838168686213,0.16094828433571218
0.8535832830214257,0.4304451266245929
0.8641007943703929,0.3015028180292062
0.41680996552811556,0.5906673882273427
0.30047721538895844,0.7121364795194167
0.6521807429396325,0.4837066673550865
0.17213175113531742,0.9750541542495272
0.5010195770011905,0.5755898560082677
0.6061063429787701,0.9741169301612856
0.4651724240886592,0.004150484263903187
0.5840601533738452,0.6226974900678337
0.528709282096397,0.6028284435844861
0.5565724769095304,0.6684176870370192
0.9711221981287353,0.7605229276899098
0.13840973593327865,0.2671817039407818
0.3535434013448926,0.38071223646870855
0.3503632453302933,0.16833260036604114
0.14798524213624387,0.49309371885161557
0.8273659860443661,0.03342310962086148
0.44932924552486275,0.39228633493705656
0.6479482662169936,0.6230066332689559
0.9607691826638229,0.5306766340087455
0.9566936637803937,0.3290179440094473
0.9756384423666056,0.7762790705301963
0.3492078710545966,0.8047269230254256
0.3920297342527571,0.061519670240126056
0.0682155649909354,0.24991354471807248
0.8913408805271196,0.8951417936932139
0.4197507491045881,0.24582550840700867
0.2878571050404396,0.6869712490683857
0.46000849108526864,0.902644353541949
0.7137075974936837,0.3440678279002858
0.9262772906087439,0.48160027093356006
0.7420092819182024,0.13682840693965703
0.589472661986655,0.5845391390947882
0.7707387033826315,0.404896667794844
0.6911443679241243,0.4656601200864441
0.9908485945421645,0.2752733574254298
0.894431080524878,0.01330574617229674
0.04437257043525944,0.19880950260122754
0.2262880870710695,0.47410069465567617
0.04173782711458773,0.7763048882448021
0.8174147940155941,0.04739947452076032
0.9522327601566817,0.04172274583554847
0.8566608074826884,0.0649170647396623
0.5075518972587812,0.0975704042795742
0.06829055384330796,0.5885813573251875
0.6655687167338958,0.7562854216037672
0.1933383589405887,0.9090592073857523
0.3699616167742019,0.6315051169333336
0.41038687095059145,0.6080727922707111
0.8110466018213247,0.9443867979420594
0.3664541036626273,0.5595370607652401
0.6441456057488569,0.16268488391097247
0.5052750053032632,0.48771232610514637
0.6540463961876452,0.4740805868740473
0.6781158842861396,0.4749810714320606
0.16758676305694775,0.010298238644889213
0.6013609095858866,0.11752147023949366
0.11112169546623274,0.6848318706719827
0.5854619916223631,0.8640644658641086
0.9856094317740852,0.48464470204018173
0.10144443422930627,0.4410852067532549
0.18927833295361662,0.06499300694122434
0.17401273681790108,0.1671937047288139
0.05631343157001789,0.536565027523793
0.294402179103031,0.390153786669871
0.6997279810267886,0.405414843378452
0.5314735606332616,0.2418731797085436
0.24756152129429654,0.7287097791659221
0.7861499636980539,0.39987196415688453
0.3437733633126612,0.683099368163093
0.6821460037039989,0.5681505144699185
0.848676083835207,0.9075526910707844
0.41504150229859593,0.9460419332400115
0.5184807299916208,0.17880020878878644
0.9921030888926838,0.04054865627248483
0.06950175292958738,0.20505485762774545
0.6868592336166216,0.7958261181363067
0.43979645933646583,0.5824769935356515
0.2052847466932297,0.16289109744908603
0.24948994536721358,0.24888586754378694
0.01455376472774128,0.9132962849612798
0.4307636241331937,0.09051012995122099
0.5206702594788992,0.7124263014946669
0.7494614594738267,0.7101086688558066
0.29788810975034885,0.2112350439587628
0.4724948868960255,0.7485819772878982
0.3706832885002914,0.1896577847545644
0.7487038707262862,0.5672337488524896
0.6281428329293216,0.5905959343369045
0.3655581362178377,0.5441307959014478
0.8109864221717307,0.6202859955042415
0.42005928188689445,0.7155493192467047
0.15303865654573912,0.9590286898503116
0.09943072897949123,0.00228368152637648
0.6818207126948101,0.5256682253446824
0.2056593745772145,0.8006336791240298
0.3870324868517584,0.16987543762746005
0.277679115837674,0.28917484508097147
0.9510473109208656,0.12820294057456516
0.16596337183248988,0.4049558276101708
0.5021432917922295,0.07304449543862002
0.6965195582525576,0.07655530435682323
0.8990466143470663,0.10804447789078542
0.6247558362052467,0.9664708340590059
0.38446386566857726,0.1191678402783849
0.42441661761733485,0.6716003109926947
0.055631866784546125,0.4775547826510915
0.5827597862993175,0.05811603025343737
0.49151519017801437,0.208448444071469
0.9803754153235814,0.1658208696602096
0.04913306417751773,0.3898980669951797
0.6225221233580918,0.9071142567493018
0.7955989426958724,0.7256039442566362
0.4585839941472226,0.6069855014978662
0.7778074271089567,0.9481848648923331
0.2772271115585533,0.2829906823399373
0.34830507730095506,0.9523125544847817
0.6970620554605285,0.4479584224563359
0.5637329426723118,0.33157157747878996
0.08609434484136502,0.1332090487920472
0.25133034978666347,0.29856783964822076
0.8379722610938876,0.7763605195595492
0.1993410052768294,0.804721888895378
0.8090174431174615,0.5953338523798793
0.06876406395728751,0.04434840203823853
0.8772504116056858,0.07895939260207907
0.04674438339446596,0.4270362428461476
0.5230998138238617,0.26462481355726053
0.9659974990480805,0.5330086334613773
0.05121069723462135,0.5446945835170013
0.6000169963013927,0.5280556632309932
0.5737434758000023,0.8459694831928305
0.11041290068773768,0.007797109102736455
0.15778231094104,0.16024429818764496
0.17058151175523062,0.2654460122154476
0.6029474677218198,0.569060537873692
0.11900881561686305,0.5329085171964424
0.16003365706452444,0.10203997390541308
0.6058610623965034,0.8319692596632821
0.1274719498235899,0.9957242161998521
0.588117376909563,0.6904755289282091
0.6696404077514204,0.17863467687211743
0.2013514866962175,0.12784765612942006
0.3895242901767545,0.09830545764744669
0.990370401868137,0.9949070018190453
0.1579537077347567,0.32733201822513813
0.21627017617122213,0.9649272864812515
0.45262329640980836,0.7380166802108672
0.4740700359978739,0.21597848143077691
0.992324518849922,0.4189812675100454
0.652937748424742,0.11904724652314125
0.7652981002053142,0.9221562873930012
0.3501207083743777,0.052081446796501396
0.6453409338597785,0.8748454340353802
0.21004906731798934,0.7970204950091265
0.6652775499843115,0.4691026561113907
0.30167810945868767,0.8450375102858048
0.6746339219813515,0.8494483601126824
0.5699894945541246,0.33463292889240015
0.5468267010705777,0.9599907615225479
0.6016717853092639,0.2778838012410194
0.3209085666557745,0.9833068441078215
0.4303528567275665,0.19206662243786543
0.6638865046141638,0.10597675074797364
0.8733576925454553,0.2470357664460957
0.8218562505030484,0.9794545898153589
0.9398174368030147,0.5631537854969421
0.7916729939940205,0.9099973905361209
0.17905643629358758,0.35023368381959086
0.7896048256515518,0.5076635753989032
0.44853590038248314,0.16486741882380884
0.21939210723204194,0.25193031924204057
0.4722341985719658,0.6816791149427677
0.24936232124140867,0.1902697501678956
0.7331958308031535,0.023455109973556376
0.7967266304028553,0.7760613948595974
0.6980818483779273,0.8757675853637252
0.18691099532365374,0.673508704587853
0.1069068802818941,0.3236220743213032
0.00675116960368527,0.20976549417108914
0.07774906956988603,0.5908235618263624
0.7026074692188143,0.038268050431149336
0.0740707119603563,0.6371698176875259
0.2879317780296551,0.49230692808928744
0.3613893926882791,0.874244395344707
0.11954577390859233,0.054162402334525184
0.44039028395887625,0.09749665176852429
0.07786618297175463,0.3426656419922166
0.08517263153222487,0.10045888948947657
0.6435389347655558,0.03083748160356692
0.03817438952277197,0.3363661482846303
0.3014210977218045,0.14529562689601194
0.11742072239451617,0.4231072447637936
0.42257588694161974,0.27040943469602197
0.4770939373140397,0.2493500834200475
0.27592257065223,0.2827217922225578
0.029023429518852617,0.9328484929203342
0.10340960849054903,0.37494552214574395
0.5805461914058435,0.906351697696607
0.2560560725218103,0.2938812715218333
0.07329005624296814,0.9622014046870337
0.23293291336797217,0.9128929334608039
0.4177829558439019,0.17361611342797356
0.09113205820837811,0.48711574718179074
0.8103934987316879,0.22882561805297807
0.10199805215446178,0.1983610567431191
0.09195949702687134,0.8636334890274249
0.7173735921609268,0.8867208772444041
0.661562729609505,0.7586486651077998
0.8793364210841376,0.18716456206016074
0.6942597789878979,0.479341744865157
0.4578822878621629,0.6419590154799415
0.9281801750565831,0.7802456967402733
0.13323463898305743,0.7435325304585456
0.08425496129163013,0.8690345815092735
0.35293860670157606,0.27744179212583797
0.06094005032603156,0.03187775455277919
0.08862324054578952,0.78139068217627
0.4066506526724759,0.35838167720047254
0.9932928336052891,0.41378823235216067
0.21422402038881383,0.17259497951540204
0.21723408909223574,0.03412239042880372
0.50458002659059,0.17596661403123637
0.5791032293081781,0.8374653300373294
0.3708503326205198,0.23881115060871339
0.008483107410389157,0.45671500533458365
0.6395981800726678,0.23874930792082938
0.1771772072279475,0.04871674646550772
0.5723529148962353,0.3377554735924273
0.018734124353291692,0.5141977480498293
0.1785347004529968,0.6138589165400016
0.39917208698071227,0.6664863801659716
0.03994622092928868,0.01920818451233497
0.54660051775226,0.8602772898962859
0.15736020136145568,0.22312366500057923
0.97341145876229,0.3192425147587722
0.2213326365950733,0.016926059446056962
0.5319405332710336,0.16007734360704517
0.882223457297783,0.6067436007167402
0.9329737180853338,0.9006094623903566
0.048508236526307424,0.3011641343297011
0.5262028182018799,0.060888508133916996
0.9778149949963538,0.8125128141107042
0.392708648634316,0.31871219355662417
0.9417234290494477,0.6336998381246726
0.8317782807963117,0.5648346419874404
0.5432136889644013,0.7269970695144106
0.1378384860686247,0.11814096775463034
0.34475461402474517,0.06676586551846553
0.1580145086576451,0.3073620140035854
0.32537256957520666,0.4150734201928169
0.49679986952700506,0.60344150791448
0.8266430563835307,0.07729789556113653
0.39154908775605146,0.4954573649472038
0.07039995151494205,0.28423771458748726
0.2209824952654167,0.3430376063927505
0.035057405399027686,0.27790359418999644
0.3286179289334641,0.5095012406049908
0.4627923219326867,0.14008659005784485
0.34402134856811817,0.18249187684234291
0.03643589112092083,0.8959590442971243
0.466995055217698,0.42266300544949387
0.3127749396301084,0.4493798537681801
0.24329799308792377,0.146011189562812
0.8280646801640456,0.46223884012656524
0.20521996426372868,0.9417433536345516
0.9019069199164588,0.3770898991518492
0.37630790551414917,0.8551031826489071
0.05724838502852314,0.4004860865133625
0.04676871376768055,0.5233709573716955
0.6471063615846018,0.4138439458420471
0.4145497445061269,0.3432895595269292
0.23272921659228651,0.4593287260157992
0.6568252837557257,0.6694593898228602
0.49325243219475445,0.660165818555817
0.7475926104682341,0.3957830643855371
0.9635108112062254,0.17794815878152115
0.8693091773289329,0.6558305080735253
0.694520213990821,0.08392309007357968
0.5799780270199181,0.793033868442348
0.010243214582314142,0.8269065707483328
0.9918156126005867,0.19791055998149842
0.8946047125459363,0.31738622184446086
0.0936125889779551,0.0870520871896121
0.18432509115785534,0.5155393448022719
0.0061246622877904056,0.8074053569276567
0.6659903147498398,0.8103056391184086
0.39830747871320604,0.7894120796039209
0.3798794250593639,0.40731850110717693
0.5119353584177456,0.8438607241097957
0.9184219566736646,0.40541318787086233
0.2431213246903252,0.09984546553006579
0.27375910172419116,0.2345936380859004
0.5114812154680702,0.5150142798332544
0.8367340420556013,0.6527542009936113
0.711162447590494,0.5543285941803928
0.47873845003889826,0.5541165810377043
0.38268339056722334,0.3298452397272066
0.2581937072191506,0.42925619633450784
0.3705069305727333,0.22157090077086972
0.18504708189841446,0.4347560236074739
0.6384976136994325,0.758227991866484
0.6495143465075531,0.6799408736439292
0.6038885665244466,0.3268104281275963
0.5754022953095053,0.5188081083209658
0.32011123320006374,0.10109605677143352
0.09369586738623936,0.34718532125194546
0.08981697729571547,0.43182268951465175
0.5486962512827144,0.6483098796022403
0.12164665104685923,0.8250224539371549
0.9468479394741773,0.8044387046533135
0.6577804569569006,0.5500492612757194
0.5374941831857242,0.497760996693947
0.5940273367707922,0.8651229175012692
0.07515213296125545,0.36080093642012334
0.9901892305770412,0.825752080374707
0.4544998562528808,0.9046606771495169
0.02566261253557589,0.6501880944602744
0.8321198588730886,0.6528692941454125
0.8937158519259596,0.6561000514946407
0.053144632781374934,0.8392656830010252
0.8476076887822197,0.8539509668779581
0.1863015819572914,0.9902594187823481
0.1126888562806585,0.3850938866259833
0.23745624895011475,0.2049758061817153
0.6608549418219948,0.12639572835347646
0.6596042261031885,0.9712068463468073
0.9071957882418876,0.9482356998472735
0.10636375564933143,0.9107530452865608
0.233412741410847,0.30901455735824235
0.9863725932462916,0.9346553786880872
0.8685519517094681,0.09684934728445871
0.7675944684866329,0.906980729084177
0.06482827417403525,0.8879182420377498
0.6533912313817767,0.0652384090426712
0.694791188186765,0.08095805730355965
0.2063198189417993,0.1261687714128814
0.3658103356379081,0.6887072257473503
0.7309629675190614,0.2175598284507465
0.8988349784088311,0.9196252440654943
0.7437057357692008,0.5199113948305977
0.55060858889166,0.06700896086287889
0.6552203549372011,0.776180189166148
0.6719956742757153,0.6376651761575662
0.8705241133440034,0.6335037088170812
0.5898052104819155,0.09858813268456945
0.8718262729249453,0.11771489270045188
0.37547087879177343,0.09762926677057837
0.49098161444923283,0.4096228913022941
0.8211757121356266,0.522935931547796
0.5012199060134327,0.49145036920453933
0.3824845202221556,0.30597476889478237
0.8619219544179298,0.1624808585083054
0.06627453853916576,0.444244450671344
0.4355644824463961,0.3848845613429356
0.24373116878073064,0.3223216047507239
0.7625580258861755,0.913854283637254
0.1504021180103905,0.04367269333055124
0.5275527828290177,0.6905980146403718
0.39877998397622816,0.1507039713671634
0.6798899887194777,0.5323982011922392
0.1736097038990415,0.8068102743366027
0.7812268955578574,0.24086179059833035
0.9060942523349923,0.2417228166005797
0.044965751423524214,0.36764979507115647
0.13039775222967587,0.020245142947128203
0.7049684162375041,0.5263883480988228
0.9143228663742238,0.48450532831953685
0.8051398270407607,0.32012807822911604
0.7257645683032684,0.541141613355061
0.23681518770676613,0.6656318850646482
0.8475201888318448,0.8173779557315167
0.867487161207153,0.5389362334128209
0.48526133285013207,0.09373475420942601
0.9022610833538561,0.9410441145300251
0.5269502283437683,0.8361589789156265
0.19852780361188405,0.18827261333518408
0.5067096220521012,0.5966476989864969
0.11469486328815592,0.46869197454142564
0.702131607827608,0.028976944373106828
0.6154190875895695,0.9742565662965305
0.45123783750043267,0.2749379212144101
0.7786344197835068,0.81764329819657
0.7137794976327733,0.5165212285282115
0.5537710624278719,0.3734755997107273
0.6212926976602715,0.5607785967854199
0.6059128215402197,0.6455268910873436
0.2613007786491457,0.4266310991454467
0.34724202938461224,0.754659876179234
0.2232821696552345,0.036681730658234435
0.8049720932011398,0.6666731244109847
0.49749868939066777,0.28212920131961505
0.8040698589420358,0.8348904130103835
0.1625058066784416,0.9251688945131332
0.05342128122999068,0.5192413345531098
0.9231430955861726,0.030806113676133062
0.11569564971968416,0.16174738960881885
0.9680291753173534,0.878795872682695
0.9140148692472044,0.3477402789679571
0.8040629417675871,0.5964618939874885
0.3826361143786893,0.5628043152342092
0.6951581965377145,0.0744378154294798
0.1042078629634644,0.16734805091812388
0.0834166732105509,0.07991110338111374
0.2927603961221724,0.7538750352488716
0.9031698685471224,0.8657406977045912
0.27944382387300104,0.32643729311724523
0.011797359080937708,0.9888573848067309
0.7371282748192701,0.547419022879622
0.05595569447242221,0.49764557069975435
0.24033201538467952,0.6337125077186623
0.9678283423952216,0.12554395827857923
0.3985454440057272,0.3525119867675435
0.9432338285860308,0.6368917992076089
0.7238699331023359,0.9663652654406236
0.19190599118598617,0.01108626502276977
0.5979923484020021,0.9077873530897047
0.9699863757740982,0.7224057348499464
0.18886758409807802,0.42565373129145756
0.405745711756643,0.975392966582987
0.9340829114023371,0.43875552586664757
0.41177802934496566,0.3894805935055011
0.2557296751312975,0.3563128684788044
0.5403871651173074,0.29158149376187903
0.5007092025914817,0.680906402283288
0.9836123105074729,0.4716542924708249
0.710751784084468,0.7962013281844129
0.04531562979686288,0.983794686727481
0.7180283523907817,0.46000227760505097
0.319981706376283,0.3341912615550162
0.23508715885621334,0.1725915134484607
0.5013549231319343,0.1873242815777626
0.061948158771093165,0.7709666537697828
0.21376772396461907,0.5430744546506128
0.2685401658286556,0.3115088620978056
0.5099888465795496,0.1899480603641216
0.22726729825346204,0.5467755572460422
0.7116476413093187,0.12341391125754153
0.6683423541466953,0.07652679970922427
0.08176693223265563,0.5333863677128526
0.5096267723995436,0.5587576178457913
0.4136633696915716,0.9111780572495364
0.073068163754612,0.20342340009146542
0.9964509121928832,0.8037847439901881
0.4414283604516711,0.13970895528854288
0.5746096327813422,0.7521540422058498
0.13184555052364255,0.14710622662891482
0.8575583808837267,0.9901285197109692
0.9668769253913861,0.6712294902834354
0.8548969735263893,0.5520431908389618
0.009018638372311316,0.00721138452011949
0.8139593045487274,0.539495800761582
0.6913022770211134,0.02668634694667993
0.8185461613145327,0.4315982011172391
0.8244181112974273,0.8487831752975813
0.17118240681137353,0.48805523302959797
0.9899171636663092,0.4112113134981408
0.5259702776398828,0.4907078164359584
0.9393957474123622,0.98444065933355
0.36508689827679064,0.29671444701952954
0.011167490983542416,0.29013796099926714
0.8192004791069757,0.9353358354036471
0.24877951571568357,0.03443709303513065
0.020556526897869576,0.27032575731165953
0.8598311979108012,0.34728509650349393
0.1472120363784949,0.5712199854314781
0.8889050937943729,0.831018866808403
0.0678715586469395,0.6893552186090288
0.49502171688213203,0.6644927240760362
0.029006640449942722,0.9182376354513818
0.021880592263150866,0.4834899179454464
0.13941546404995553,0.032921277953412376
0.12825273891554867,0.5638164226443934
0.5021073140866218,0.44934404531396355
0.6062401131761438,0.17038796884248741
0.7193721063888235,0.9221093409222089
0.15671996482715733,0.8037870368428061
0.1541221656754478,0.7079897621134431
0.3141430250699583,0.47517885527570614
0.7690701400736059,0.6624684541341685
0.9169566302356607,0.07114119493120818
0.5850331966670854,0.30792318136566954
0.005274678731947535,0.33187512377956385
0.8006304075396521,0.5145963697218218
0.7940186718747008,0.9594295723036617
0.39786663082892615,0.06928463741726587
0.4176050961754483,0.8969852597117383
0.6215730059184928,0.07171917174678977
0.47135604720572477,0.8759086158324907
0.06540056670246741,0.794898271979959
0.9851619306104767,0.9141996877966232
0.2230398937939282,0.37317196118383966
0.3565261866075393,0.568122431496266
0.2705667269594164,0.440667858903632
0.9429736859992801,0.38821986947857756
0.5342895975334416,0.6326864441737385
0.46790615719046347,0.21158055798843678
0.568202173105303,0.6839829309397022
0.12933956104045696,0.6341366612286223
0.016120088672043953,0.7103920766329594
0.31755945045602274,0.24993852992043664
0.4658074090476375,0.1440413493554601
0.14558250966807107,0.018764280487510998
0.31587617577184357,0.7074367216790054
0.5754138908937043,0.4290869160631594
0.27096706235236234,0.7579947292061976
0.7834410260927038,0.9603361402464212
0.45669757909199427,0.31213328669488793
0.5499068683083618,0.7165553115575345
0.30308941024344216,0.06682277916937396
0.8802566860551249,0.0029686381778716298
0.2836639644370902,0.776538363546752
0.7702540109901782,0.04763755813396742
0.317121095631534,0.41484287189009905
0.01211322799100778,0.03229928797798165
0.1394932311785323,0.6523694058334083
0.20549764408180704,0.08964449990802081
0.23689296495045353,0.3167612539194722
0.6850834234664084,0.9487055396029997
0.9924492786628692,0.6651663549230578
0.905491425926082,0.4656902135159734
0.5457538126716351,0.4961718610177681
0.9347404072015238,0.36451029608160657
0.48911546404525097,0.3556043306123545
0.09897705226349851,0.1294184001372446
0.9321477184061439,0.3494092298603926
0.49408903803961446,0.14158039162953218
0.6546901024218695,0.36686330561367186
0.03390974143782466,0.8320747962109336
0.03779159010108024,0.8386616283807942
0.9400742666524113,0.8357247465531518
0.21346006583733046,0.5069612083423664
0.0951882489180117,0.8733321637335925
0.4061090388241929,0.06825070952373868
0.4788221930976021,0.3642976664564729
0.752108928898379,0.9649566786837067
0.9849461317453434,0.5772739032099964
0.978576893169736,0.047983847896035936
0.2797703653366225,0.46341424710734047
0.19851593363676112,0.3099277051444258
5.601676761861629E-4,0.18494252976906278
0.7366404266253206,0.39748562055031833
0.5188434712149229,0.7511837324568816
0.3387016923614211,0.15163231591449922
0.6955323441554754,0.10485956960674792
0.33685391140660303,0.9954144051244445
0.5408306844402964,0.4633671687698273
0.3445773705293933,0.591757738508623
0.45840168696974903,0.7129226180791688
0.8369022517245931,0.8274705342203881
0.80112098842479,0.17786576115327868
0.5351531268145586,0.844664118556607
0.7948420233398985,0.1430863475757792
0.8601604515534558,0.537102254916665
0.49695255226127,0.09444583585729815
0.843862425743753,0.6565292049615761
0.34810213556696135,0.7602331990452672
0.7964467220176548,0.4328155672197105
0.04833256465655145,0.686107015800571
0.7146582608497197,0.4018000547422942
0.942944318034741,0.25664050805109895
0.8866259164110856,0.9559944660197424
0.8387837714555151,0.788499728761353
0.39953758333542666,0.9858581871302422
0.1882378905401254,0.5634499109880867
0.2887191054176268,0.8631375634989723
0.8760738469066395,0.4437981713992124
0.8801502349695615,0.9328044116011207
0.4233635987985026,0.018545566270067315
0.47317582408356484,0.6264175197001551
0.2830839858644042,0.06543518382390845
0.8861486280536623,0.2872693198271541
0.043585402941081375,0.48224710317529373
0.5449652277944154,0.8064694891713371
0.7789728694307333,0.7401051206240118
0.7329343147185022,0.20915623992456944
0.48954565190673993,0.34222406412762707
0.34014223432118007,0.40131482513027505
0.5607923092745468,0.7334411209175438
0.9514578597535417,0.39022229280534204
0.43604030100740443,0.599037566835614
0.3945451201565592,0.42532619691032714
0.24571076038449435,0.5157728707878216
0.9327281666776459,0.6714041776442269
0.9652299097992582,0.47371566149489475
0.13228065565674108,0.22214056329696108
0.7840011639561315,0.8743712085127225
0.059687455188044525,0.4897948254590656
0.7594429806812356,0.2287687576765396
0.8716530758459353,0.26542617986842165
0.5029488407820321,0.9285858224127455
0.049108360070696744,0.03417730194623059
0.5987279937512928,0.14405120122598514
0.49619317256494433,0.45140970297009564
0.6918365003431293,0.11428217565924659
0.4761691336422006,0.238021763293069
0.6983100650425563,0.8388751895306558
0.8884437973703616,0.1370699484157233
0.38816175069365055,0.45398413883622546
0.7043632802453796,0.9888524943097193
0.6711086358239065,0.3817834705593882
0.47415777029304895,0.427904315390933
0.2752440774803898,0.6791283081348461
0.6934000891564241,0.18289037811674647
0.15047257457251462,0.8793870214823285
0.47456492344673396,0.4691743069923756
0.8513770273659722,0.02083649742464988
0.4077519995449479,0.5038778639838726
0.358288659718634,0.48567380209712785
0.7143639244180922,0.7445361355261956
0.28068215441492117,0.7356124193335476
0.7985051669872903,0.05499202842540851
0.15361995143003415,0.02319503964042957
0.08309573508902723,0.6359630749671132
0.5858208446917931,0.6823690659322899
0.5811696494621642,0.22275249067385783
0.34703025150437683,0.6575351476610548
0.9975544476800603,0.7488653326350156
0.09272033176103067,0.5171927967049216
0.2821051576458835,0.40183000860529794
0.31575058594221805,0.3164716684786504
0.4628921077963811,0.7563140503362707
0.28747004068954074,0.32225062204917887
0.2762189140961431,0.45966240447930073
0.20484463197525216,0.7952313344536304
0.5800735717392779,0.7662755572039464
0.4955446999015196,0.7352466378342696
0.7885916182956485,0.06978366891873966
0.24952849513125908,0.7392485407346246
0.5973377321930158,0.4657620896033786
0.04351027653014261,0.895834136512899
0.08268790568237505,0.2927728403381804
0.0038018400667575447,0.9458326003807473
0.8533213160120747,0.5458052866017866
0.8133691671650625,0.7753895514806574
0.30780764781504166,0.03372872431303997
0.5105462203330822,0.6761499478650297
0.20950161057055572,0.1611586242143127
0.3497006474862693,0.7065543652988597
0.7284340422163247,0.25517672972324656
0.6982467837924393,0.9189273712836867
0.8196141212329927,0.42863529809086287
0.9297531840466071,0.17895141414543736
0.3081351147138791,0.07431399792229265
0.5394940407652669,0.7972828937629792
0.3337017771786992,0.21798729317303056
0.25664441052782805,0.21748181596751714
0.8706744859641439,0.12349939233805685
0.7564214767446823,0.5600902130249842
0.8844515912813377,0.7392325597674133
0.6858255281946688,0.9096085002148739
0.3109880622319018,0.8028941149743556
0.10823546579134602,0.849283133339523
0.4534752199124902,0.6803358781024111
0.1449659105200899,0.8980330509156301
0.578682569165797,0.3041595693736635
0.5459937656334222,0.1845061893962039
0.46518964874588087,0.8991502041549473
0.15741447054048519,0.9051717143135171
0.40671232787245903,0.5341186909953792
0.7697888196169673,0.856517620652343
0.7059541598583867,0.9235244140903266
0.62939390619013,0.6058370369589126
0.007890586910207609,0.3172866567649205
0.9734920198715593,0.6707512756703341
0.916119932864358,0.7634838452208998
0.3110841512056769,0.4145312611444526
0.21189147422886045,0.506177753541568
0.8122152983975263,0.2324431356136516
0.6526484875334482,0.7893897519924277
0.09175107979474095,0.003757891423366355
0.765398934830684,0.8782941756993125
0.8776462078901693,0.7147292524818958
0.269955253573249,0.6799841717613567
0.5390771726389953,0.619757432441462
0.7680589938504897,0.9487032856994636
0.2164130005683721,0.30112114143135205
0.11663448247751251,0.6942261028050674
0.3428497379404015,0.5120738384807835
0.46689128614682107,0.07710948782888605
0.676635308029443,0.7437646255493492
0.29572164556022296,0.7708256606916578
0.5731635515431888,0.04335769729760741
0.8818165869830082,0.4983270329157836
0.1178175636969363,0.7288889845421739
0.5861498534512664,0.2093820185937766
0.9132938302151706,0.29581242788247886
0.984956098625519,0.15505983714167149
0.7692407038280712,0.990851921417087
0.3730562400082855,0.9370317306178434
0.2773957837228267,0.24068998411153286
0.406358996470384,0.46189475942132885
0.27200871495278944,0.3661872656734264
0.684594808667564,0.6145135343058118
0.47318723347844105,0.7872419192337073
0.8888145185163477,0.3794145024257558
0.18990616720810027,0.22906118785365892
0.6829117661449139,0.08555594080817286
0.8197702230187595,0.27753235531715736
0.9644047516182359,0.4273364401588988
0.024223234384524783,0.9995434788909204
0.20693969994838002,0.9234936567312876
0.8807482049510073,0.24351909257908666
0.5754543312839652,0.5155834254044572
0.017703855860553674,0.6660998404672597
0.21466704929682845,0.07901958574200274
0.7227947370763084,0.4928088141264402
0.6125334394166821,0.7221930662180504
0.2827741745412775,0.5137118813801539
0.22253862240920486,0.8829779696448985
0.3598301903699609,0.8394931351217353
0.5921702646113972,0.39697175574905696
0.03920657070097888,0.4990305500646772
0.0896439748369785,0.9081055287738329
0.2929625579908026,0.046471265636958026
0.9469290784395987,0.21979931126805652
0.9963762991859755,0.9639696759171477
0.7443494390574615,0.4436265562939028
0.3063487562404149,0.7956658350441277
0.650510502113146,0.0924910207742431
0.16526641495595074,0.6291456103379532
0.7010304337360039,0.5866081929561332
0.9291324395891687,0.7525380122839066
0.15052973698131933,0.9931227965965493
0.6353777485509033,0.05856939427022434
0.46455998443578417,0.20398227648527412
0.22361490695437947,0.04130813458472782
0.8316294897145134,0.17172621201111216
0.10169956430788807,0.036997465503794236
0.17020982341287771,0.2691398803843045
0.8098149946877045,0.6972882397441422
0.48158349228832564,0.3162593214544904
0.17689795348732051,0.5513475038844696
0.05662051436538207,0.32700500339124783
0.28657455580878854,0.9127326623907919
0.4830469974442374,0.5677594368582388
0.7738773194615381,0.3175853606428265
0.6194964854865417,0.09149332320622638
0.4593653687882301,0.14261287327187333
0.7036105744237325,0.5135845876986962
0.09387192516900367,0.04448936450874852
0.54368249864704,0.42926252787841845
0.03495426168138749,0.3867228784466915
0.3068133248817315,0.5376494275056571
0.00522341878038568,0.8756984798171472
0.7612776988267218,0.23366048864813493
0.6930820639480992,0.21452161820148796
0.9567717767209587,0.1565620089499825
0.8480005850735876,0.7014503037972755
0.23344351085059145,0.9427772735436212
0.6953132537162238,0.349118168476083
0.13908089612808827,0.22056776394852273
0.9496176631470518,0.28141520688772015
0.3035616542092211,0.7055076008039237
0.4412120990885885,0.8768064006843536
0.5706431104748371,0.10820683523492769
0.38660750032015245,0.37003305775490125
0.7193984759631891,0.44952958986639746
0.6320017216669979,0.39855528269869533
0.9210820133328464,0.2935909691748474
0.7777056667831674,0.2857585313833597
0.671931894863425,0.3551064760454201
0.9518623949829522,0.6898607988776576
0.3183966666172652,0.915206466451384
0.14340185299970476,0.6156213748604367
0.4484971790388219,0.48861715409146744
0.4270252154360824,0.6853661114911553
0.3615129103375546,0.22514902041969098
0.11711492029323634,0.996507934697428
0.5479078578335735,0.5997220751960864
0.8728173913747275,0.854655963774187
0.6123878855430693,0.0476971409222533
0.04314757644332534,0.16456998503369313
0.3552079230903723,0.3360706383034021
0.08881550398649829,0.28563162658849783
0.7903240393809058,0.6261300902212947
0.7465771733830683,0.7141673617314759
0.7237117173194731,0.37945626501756646
0.7122628887757052,0.04187269439692187
0.14114885510647346,0.48669675316836414
0.010238785087856472,0.25775059817011015
0.06198756719220999,0.25732560444059194
0.8899074838449135,0.6103920101781006
0.7039165685137007,0.19864156943321976
0.043956861581299744,0.9280894940526625
0.7734415523483923,0.8335478411631402
0.17841624160343927,0.5061897493148283
0.4477880316689439,0.15919395736264752
0.48118156499435194,0.41425446123419385
0.14615765422068028,0.7323506943037376
0.33352253207643734,0.35001323265636686
0.5017451865811874,0.7824272455326222
0.6881861655598706,0.9727562575097306
0.04065053330433599,0.19932895415912077
0.8980626865914564,0.9857284317327536
0.9497961383292499,0.7208935490150269
0.4209818046443241,0.10525088531589855
0.9731869933109358,0.1534321518117645
0.7490579237515996,0.4537096543650594
0.9143271785198749,0.9989408224891787
0.11510574192855838,0.8442155866592774
0.4423327308117261,0.43383751373109636
0.01399797783551937,0.886653425803683
0.9002582477863216,0.18661810253628153
0.34343938638875593,0.8380022120365295
0.5963803021493402,0.49561431242671494
0.016482604478157414,0.6442230461880604
0.6226576145066278,0.9930756406336307
0.22721233994820844,0.6766744683540641
0.5893147795636877,0.05808605576275849
0.16137726142071973,0.25292986181161525
0.79047237020987,0.9083657380210146
0.8353487609016166,0.15003489892920074
0.2229731847729255,0.4597966632446423
0.9196392062390207,0.9676577235347498
0.5690309584338469,0.7725506933834961
0.8573122238284726,0.3792481974381373
0.7230540750977753,0.7239868260181549
0.32297022688230126,0.021236647477959836
0.6939738979182577,0.4010243227235285
0.08460545015246679,0.013466910058363535
0.7466334225241612,0.58848697456361
0.6284523288880395,0.8784720991838088
0.4592688498415748,0.6449528439684007
0.4860809743047628,0.9328658669005061
0.9688430937372053,0.003932968868660347
0.06332249824731317,0.061036072842037714
0.05196664447109889,0.5157418315551264
0.9122191121975033,0.14949143423014644
0.8463683024895546,0.8542107338967934
0.8100429755449415,0.35962628990899803
0.9563540816582699,0.25243526450676956
0.7135295577357111,0.8473321893449206
0.40541994745630516,0.9030362010042737
0.641823137997221,0.49979962166045866
0.4001600087900119,0.46095288895458186
0.8082326835013046,0.7530167147266696
0.15183851241330193,0.2205767855731352
0.8687493132527772,0.5778861568665214
0.06547094511360207,0.7040722687972342
0.9843767744798444,0.278545463511238
0.45098533013236974,0.5940205454461478
0.5046787035357317,0.8333900414794401
0.5370123015604263,0.1710617081986131
0.47154782975727505,0.1274621768288503
0.9750779836878033,0.6759993174865884
0.8150537663484493,0.5742834295666873
0.21045169595410906,0.30587024825211095
0.06732763206605674,0.30587185721173016
0.0656255050066391,0.8747723270260295
0.6557932526648043,0.3215996798306484
0.6333804499812827,0.5227811375797193
0.3536566530527244,0.7297108754794376
0.10862016670877939,0.24007597892710675
0.26341616687484715,0.4897322338048328
0.5016294474355201,0.3884348674351432
0.7882582317537489,0.8696759545282676
0.2701416984328453,0.8485466453994455
0.4065547674554226,0.1688451238034655
0.7835759244004321,0.8991280742216997
0.7062796032245184,0.12521809172292675
0.19003046292350712,0.44262233065906076
0.05901325260722878,0.8258017478800292
0.695097065408651,0.7322946160610554
0.517306907712311,0.8690074853139943
0.4812856838464912,0.3268296922932843
0.004527750643972928,0.9900178822233583
0.4978268644839927,0.6010750294660178
0.6329096455593647,0.3532762492857038
0.13284499983668974,0.7753624856860473
0.03338450524326875,0.2406451882672448
0.3433725497866106,0.09088053119240447
0.9098714325554368,0.9194443785605234
0.1634016826147323,0.4548577549033811
0.6410521212140935,0.061491639427576184
0.6361465166783752,0.606858017192365
0.6442627816962798,0.20243605443887414
0.12391557761060878,0.6162761120654456
0.38898412759109735,0.3800849831819324
0.6374705373148688,0.3111621566889531
0.40151265430871463,0.2710919384649798
0.2964743657000234,0.05979213803230454
0.33774835700993455,0.8572854920423074
0.2836078563051029,0.1789407129193591
0.21763467786208224,0.8960839112978388
0.6871608543147807,0.12660149229891726
0.2126391970082333,0.24385426069691485
0.4403800821063786,0.5519397622613067
0.9567643040401793,0.3867385380776588
0.16058324671017288,0.22155051905740653
0.2119288471279237,0.37038348913625974
0.06702453584946166,0.818634652717379
0.8601635420009368,0.6881754709975876
0.31372388158382936,0.6204950639819421
0.6179142856640534,0.5869945396528549
0.011948706491172523,0.0997929636898468
0.5718489667032393,0.680167167428629
0.9367633396749365,0.5662944600576527
0.620915521142264,0.7192105875093765
0.413037973178462,0.06837607543056468
0.17599951056827656,0.8691256798221576
0.1585357597155752,0.9073470021281361
0.01638216764618805,0.8564096606152177
0.9251726551252064,0.28268524502005876
0.03130053556694812,0.9146236333454041
0.6242718505811503,0.7825732484625879
0.6852637477135819,0.5392646123347529
0.24761085535959693,0.6616585811935349
0.43737988188742605,0.6818547674947125
0.30328565807849994,0.10675322314796143
0.017800814076520566,0.1625760239329468
0.6738934194136776,0.9812251203417346
0.4184927106493641,0.761440792563492
0.7742614465587859,0.8601239246624038
0.6908924206243409,0.6599046329356861
0.6369267526065904,0.5206223438503038
0.15961091877524458,0.647990719520627
0.08579699966291277,0.43614344540337846
0.4591966836873683,0.7864090678436306
0.47190056950171955,0.23758330185269938
0.880073772121996,0.018818914987370206
0.5398594694185803,0.5513275934366589
0.8701203887032112,0.5662956121368294
0.8696959839131684,0.10129949729578325
0.17995570634672875,0.8042279430109318
0.995810010941491,0.4710657459226971
0.0628541523956555,0.7212859046687731
0.7434407969749245,0.46206617968086616
0.14430772554288307,0.9907627060931111
0.5426536076312974,0.5553219074429396
0.06160904337388273,0.14650906841912614
0.48086786103472134,0.5865156584869704
0.7404284747805067,0.34884205893089515
0.6371702719607494,0.37812714388904756
0.22321131284307438,0.7502243013636812
0.8051331012144717,0.7373455762117151
0.29332154324682747,0.5261740720512404
0.05558370637365895,0.9247699686346236
0.7492111755870278,0.22378033947439413
0.7167490053440558,0.42644781809181775
0.07449488785632352,0.1983611858521891
0.25642391486394733,0.6205905759809206
0.42266200234120466,0.5582179373667474
0.2392903950783386,0.7203447227671355
0.2892588222677449,0.21810160359589026
0.002239872103135143,0.1952853421339399
0.9797261840918023,0.37392176915672437
0.9415281026396818,0.7268385168193989
0.9976788262557421,0.9543931713162571
0.3378186289298285,0.6366279878932964
0.7762639921663657,0.37972778328593015
0.4586473287429239,0.6417805107896911
0.7543394490111994,0.26314590692231565
0.2725668344086942,0.7375132943190356
0.6595614040788865,0.527892406426561
0.4852067010258665,0.9848661211668561
0.002075300547607406,0.7806093892070736
0.7647112991416368,0.990229892216648
0.2053535542710372,0.681329861192758
0.9624942199463696,0.9033619653782476
0.5048258443718298,0.48102151922025294
0.8549745129834434,0.8318683966860799
0.7302996679537725,0.8595237170985635
0.4329364765475471,0.672671489155772
0.35476965032046903,0.6898845145374264
0.047381615184738934,0.4947709083860823
0.740066114839208,0.3795191406546935
0.7842174110085497,0.7726449933290258
0.33889512619399387,0.9942748500495768
0.284854886576713,0.965928353925375
0.7231733292082994,0.45840176287866685
0.855762586600493,0.16854079508996722
0.7001629624067358,0.7415927748376236
0.11725209045710472,0.8092317689883557
0.4507634044675829,0.09366984617734264
0.6302457471539208,0.6755433088245305
0.5784177627703366,0.06815845403205911
0.909505052166872,0.8544839593539242
0.1924442353003738,0.2879054975130525
0.9827733122823925,0.535744669796917
0.6662037901549486,0.6490601938588864
0.18751430482813414,0.0070774720518010925
0.5083665908825878,0.9341517811757343
0.21040346670987753,0.586495812441841
0.8646423522998327,0.6106615678040046
0.4694566159159066,0.6822454980794252
0.5276902530389036,0.9284012918077368
0.8146559971354458,0.6490335743963994
0.9745260470903019,0.2971733863849697
0.18016127428828044,0.6177916910778725
0.8735957890739455,0.32560313786125095
0.2596690784975191,0.0162898795878762
0.707786699668657,0.832696873976861
0.4962113339493769,0.069205232817238
0.6449977280757565,0.6055938886844567
0.6786592301263996,0.1687893405411499
0.5544932165244449,0.6701443602596314
0.21942634237024206,0.6410674651660508
0.11511583708611073,0.3653594130645983
0.7513407703072098,0.0975412959691152
0.2905351383998205,0.5684435144575445
0.026382771993751386,0.25865620332832584
0.05706049690293202,0.004033333787432758
0.22496114620415253,0.8628330931963607
0.1611488547628217,0.6894316758072349
0.6916279749435349,0.03365410217688558
0.8565884045227928,0.21703861625932852
0.8016078939735188,0.26783010248829453
0.0254420605186656,0.7558463307767391
0.13224460226930979,0.02786730222526701
0.8221850117706918,0.3657784255333949
0.3644442244145434,0.7758893696935076
0.9970731867438716,0.4618178955912601
0.37142109168179316,0.1688604066918794
0.3526300090814698,0.03928267292837018
0.7655287431163744,0.0504928785593024
0.36624175119177205,0.5772714431838792
0.7686848894381014,0.821414530288789
0.8722016306807134,0.3742162301194548
0.6478761141857426,0.7467064723114107
0.8381460697815745,0.4376431233450485
0.11445447971738465,0.7687140316045424
0.6936767383300181,0.9496552691427246
0.02441460119669181,0.4330712477734354
0.37306446108404545,0.7603179375408163
0.43656659657495966,0.6071686473616627
0.21928225871878104,0.32303795206146624
0.5864968250603757,0.7728330171316224
0.16321624345495422,0.9791949524497465
0.6164345800559827,0.808777169409451
0.13975484971101293,0.5236956381634281
0.9646200375347341,0.3434165984664348
0.5315587238845696,0.538786010191458
0.16249457193188976,0.9549388239391847
0.5416643332764336,0.0703709590971997
0.41401207870870094,0.7230508654326604
0.7876766644788619,0.8392546525960926
0.7385953710796131,0.8956185608375701
0.08315791187537125,0.3291288776626471
0.6477393693348172,0.7234510564392065
0.3259199264518049,0.77380107161848
0.2949885322080956,0.8377728075463097
0.6482808029842816,0.2780671775211667
0.7899930392896801,0.8974642513585689
0.5009463214368131,0.04979949777250314
0.8995746546119797,0.6169415153640356
0.14002991365063078,0.9952324026831356
0.6722095802890035,0.7005847321839666
0.06582509432522698,0.735094382581816
0.6170624521075743,0.6559131494160149
0.3222966144470546,0.4361476418842579
0.9446822060931039,0.9352450239054225
0.207858045088139,0.7208613920416465
0.033696513578071574,0.3643684874807793
0.8708548845362507,0.31735851198431186
0.7263191816697236,0.35678922026406956
0.46727392985631133,0.042439768253510035
0.2752101888209274,0.9834098267450255
0.043551267196123566,0.17240328101458013
0.765205490814514,0.5700344577111897
0.07395278363602886,0.24954186016073276
0.6156599934121142,0.1288816350392894
0.6298525722405159,0.8966135967661777
0.33262367901299883,0.5953273135946183
0.4873362296187319,0.2672466711192508
0.024797289277324275,0.5373889550530955
0.08990778703678559,0.34715211172284743
0.32319077003556507,0.7330008652391523
0.17468005238382212,0.43918308267055295
0.25163414877489776,0.7689198141489263
0.04328045293052729,0.8146930902508276
0.2837669365871054,0.6051389996790781
0.9128053607228095,0.694309401085559
0.29185904722184075,0.8699778961196468
0.5175077080083794,0.4331524155092311
0.3437924286220888,0.5035539714797801
0.1485045205266441,0.028695340531716185
0.3367591650078382,0.25113172005814666
0.6166420518435364,0.8438730596417997
0.2697090580448749,0.4228837164501569
0.20275810150801366,0.7437126349466893
0.5513049665803696,0.28288656033209514
0.5199325770472925,0.6806724570652141
0.11612228892063015,0.40771501554035683
0.3539190852556774,0.13204066814240967
0.27905396410570327,0.3637853304808307
0.9708013432916263,0.6921579114700479
0.19636040328001558,0.09263877085739924
0.08502069015132552,0.5528932322664729
0.5215292511324879,0.46464488109411506
0.6662715417686038,0.5677162751838721
0.3450868139947476,0.5641435998518992
0.030363933986164993,0.08787273708942289
0.7897297513156224,0.4028335694113254
0.20700355043470386,0.7835842922829183
0.695621883048489,0.9232541809718202
0.40654119295017144,0.21885818141058877
0.6754276855707348,0.350496751866492
0.5180951927297166,0.03540568763961227
0.44463048804353,0.17782037057195532
0.9630521087992093,0.21933296318185547
0.7399101505628891,0.3306362286811064
0.9008022032607717,0.07368132623716528
0.32683144939855335,0.3433635765291251
0.7376680060154107,0.20055892159841726
0.567820721681781,0.7049499266516595
0.12533571233004537,0.008518711203045926
0.7723854112552322,0.8813862667907626
0.15170107390846577,0.0040029187238951325
0.08375732520653056,0.9073381100041558
0.22489228341012735,0.4000870629361345
0.9696169085693457,0.8540514484841614
0.2303346766388945,0.381421869611129
0.47928285160587925,0.9269823831108206
0.9010732930938538,0.7011841509218358
0.3057273698663511,0.42413773504373553
0.9831707555383077,0.15401302767492442
0.34800447900541365,0.2949035439732486
0.7008497762184541,0.8683212025663382
0.9081549744016149,0.579176680521376
0.23015102198385262,0.29203515860658436
0.876378186218208,0.5779049024444969
0.3752287135775346,0.20773229161229234
0.25923780773143534,0.20867849772615155
0.40800768913501617,0.1063073872347623
0.1878945808326966,0.6338069507310208
0.07977747351661157,0.772714016377038
0.10683648030421944,0.9133522656637317
0.14240038863591586,0.9929916113927888
0.18830230568733386,0.13187984368475925
0.32716221346236407,0.8787021758494568
0.14357234760414173,0.17522725701184438
0.6208954154720226,0.42306493192088057
0.5095253205892055,0.09237985209775157
0.8518568707249334,0.5524915295580588
0.177337980744388,0.7675812154306603
0.05194325418045076,0.11788813442441681
0.39993031515556765,0.44909614965204636
0.7971786454809862,0.9820047755516783
0.7657354672487651,0.5335819824764183
0.7450112374079156,0.6022768283788829
0.658600363370963,0.8888139849785719
0.8848065233204809,0.283017093175705
0.5370995559972291,0.9125489372165383
0.5970269696405295,0.576481092938151
0.9612712769045673,0.47160071123644076
0.476938866924727,0.14924263085438727
0.6707612931293405,0.8427401044221473
0.020289165933857545,0.7984801530803133
0.17558676032983433,0.7858207470180985
0.6912464677964818,0.20218895028600625
0.25920875309926317,0.9195715956019442
0.5970019333481796,0.41799819621805645
0.5133287135323833,0.6417858739365636
0.9787773036765124,0.10718572530506987
0.5248008767547662,0.9381752164015883
0.995589018257507,0.9536477113467614
0.617278747195294,0.5579468925461054
0.8249690274889192,0.7719942656118722
0.11369090887513711,0.1992009418854359
0.9339438460716242,0.35460642360441574
0.9303674876157524,0.5435332580194431
0.4839258879350641,0.19440350052189337
0.9396155140956904,0.20676995166378265
0.22477200319957602,0.8382342584705855
0.9447676100823428,0.9315464415613314
0.9061157723022722,0.7752193431126723
0.3002057432788129,0.6374852020539165
0.18818223366302822,0.445036371225632
0.1785869610000893,0.26601381034496974
0.26964418336586127,0.16305318167933813
0.23847645825045405,0.70940499627014
0.9666822202083137,0.5023788174584495
0.9778180581698335,0.497408809204003
0.7752608335000848,0.9473160090944994
0.3721500367847147,0.3298864329735205
0.5277353489854597,0.43836268417707525
0.49120023255150225,0.9901440655031969
0.615255705129447,0.7658243914690926
0.6634708688978925,0.651204574156135
0.3890347797970749,0.6372633839703159
0.4156505444556593,0.0960433121792661
0.2764002978888801,0.6434243918291171
0.8521668016107673,0.9128539072167665
0.35165116254642226,0.27794090942299865
0.3599197896469595,0.29769874292435616
0.5870906359527559,0.6280400003821487
0.5242138271736453,0.6994379645545589
0.7762099270067836,0.34662777258473687
0.9241300337777045,0.17561976155888304
0.16884809117735378,0.040551851812428374
0.039060343276298704,0.9930538767032626
0.1872547622129257,0.2655004639477182
0.8428493871380892,0.7030795085982342
0.2023345731650129,0.9049131313557095
0.7879669002577121,0.6490774317599373
0.24095339886128853,0.82844083535844
0.7893610169348827,0.6225654623361596
0.6680378662231075,0.37490817442117674
0.5061180991138957,0.17425560339525625
0.34130179692964335,0.385393889519413
0.6887820420299079,0.9077400727662649
0.4717838207882674,0.22396057955523208
0.6111626819785486,0.9360122617603106
0.43998324678361256,0.46672774720640586
0.6376887336553582,0.5648182993591384
0.11523135065233747,0.7143969877149765
0.7908381137963832,0.18187353038815945
0.8050383891232532,0.2890024313194459
0.777904494051761,0.2772674224206605
0.8215066380866907,0.41257235671896
0.31233577882027974,0.4979191814078572
0.7935026843888363,0.8335536784774018
0.7221065373567259,0.6477362598193445
0.27613275897170986,0.7662636065493474
0.776063306718919,0.585165854166369
0.9131671656156708,0.4392977392715304
0.37890773723970783,0.04111940467741915
0.3934108990600579,0.5107374569224944
0.28645993585922636,0.4827889738638468
0.7086193257320692,0.1011637876697471
0.2750697518754376,0.28266304211879667
0.7684096044485453,0.21989881871201555
0.26252159991362845,0.6170891031436103
0.2567195933106936,0.9155599230387412
0.7225038833006692,0.7150185492645
0.7247179915180578,0.5689260300279197
0.36069144419077703,0.3051092679661799
0.30667059794466844,0.36427921391234475
0.42771556568005853,0.3681499820832822
0.11811967979131821,0.12479917187602496
0.23277256959845471,0.591809325984833
0.3498345078953431,0.3782518191273381
0.39134920029614606,0.24600206306993966
0.30634294828485054,0.731127672244838
0.09151879259370033,0.5497037622898363
0.15445545491857637,0.3725495982022
0.19548922433867444,0.983834274170154
0.9450443183891769,0.8036834558958561
0.30656012217132145,0.4198691968056646
0.5504429175122943,0.6940494775479823
0.026373602316992484,0.38012818301442663
0.5201808030832933,0.10304600516666751
0.5033186304871247,0.22322750392062018
0.49937228028006786,0.17316163420952835
0.030176588295675044,0.5569733312084564
0.7769278988575842,0.8007653580948086
0.8875716193327042,0.721011491734835
0.7348591335574571,0.7210289797930558
0.8495160909603395,0.7528386860826558
0.4552991636482526,0.9054495209304645
0.7683178261133481,0.853318482712525
0.5084631212139387,0.16360399882773857
0.438342795187593,0.001635468935895057
0.9926235705383329,0.3651824182035188
0.5016031021593219,0.034658929388995285
0.22627804233819093,0.7540094018655683
0.5028666626987358,0.20197771297565648
0.1030372330370023,0.41267864134620114
0.32796194032144266,0.9354056080839408
0.011364081774780654,0.054588520907261406
0.16617728746831917,0.3305469078820721
0.394145296811489,0.9695812754990313
0.826130845096946,0.6280500846872847
0.4771786591531886,0.1300521235253268
0.70421442137118,0.8034668085265465
0.43101079484896776,0.17630905805072783
0.9556899296871397,0.2271726287684519
0.24716203214753762,0.2431275211179974
0.4507448849687281,0.23959484672882314
0.9076260597570649,0.3638590665833936
0.91128912811362,0.4020315920724843
0.005633957343446405,0.4941163421913375
0.2190019181477889,0.12963618633029206
0.8360236466425558,0.033971301532354614
0.26111495230912507,0.3906787331277004
0.11515758170327595,0.09576746450141538
0.8376434760854206,0.16498691262146414
0.9131823975297804,0.6640611898686112
0.09225429406851315,0.3945067051939819
0.08552693506141651,0.22487081385218266
0.6486856966163597,0.2302123591485049
0.4758852952845549,0.40332660608127646
0.1356115370520653,0.4821349285060673
0.42953420409146237,0.6419789033605602
0.0650675452876196,0.3130669362768824
0.7036851626881998,0.9764352356022854
0.09303500934002296,0.38154001188687403
0.6906729570112474,0.5206618731384342
0.5355032292553391,0.8359618594177959
0.9801346534617853,0.3611989440059734
0.6393091385881077,0.7893371011474196
0.6779337602379082,0.17770255402577684
0.5142782894508611,0.16278668681002184
0.5724364791265057,0.05664113358800127
0.821668794768351,0.07611840130475
0.19284824450023996,0.6456377251065257
0.28364593981939756,0.2849912957308427
0.039670370654349085,0.007863400478938187
0.8294915939491129,0.5167549743629639
0.7839380690710914,0.27905173846414966
0.7264796748169664,0.9408341995781149
0.029753024268776684,0.5041177495684602
0.35682483436313295,0.4245683055579016
0.31372475967067925,0.8360289714811786
0.3968385426056058,0.6717037378395928
0.3752870609630017,0.6164907027472178
0.03040312879013507,0.8182775535460709
0.37345698046227416,0.7261710044681416
0.48610109768196996,0.5694181680514372
0.6484555396682243,0.9916054161812998
0.6258129798197367,0.5006291786040555
0.8307112231417225,0.36658531920231896
0.5323246911496323,0.7184111247067964
0.5851180163865116,0.0677481048734433
0.044460578088020286,0.6776147078567857
0.04502243628935276,0.837251036182142
0.9704859410068466,0.5867085412716174
0.03826459236312896,0.02982503178694862
0.273999077504098,0.4971832794468529
0.5367004811281791,0.27716867244216037
0.8712588543955773,0.8696032096959301
0.3709840553717213,0.06955641194051254
0.8048716350106095,0.13635504503821327
0.14398904861566542,0.712699713405893
0.4659867049538705,0.5399335578655
0.44910251993424977,0.7673131981772959
0.22562641674041772,0.3156416329822065
0.9537230208705064,0.2595023473221326
0.3055042340749252,0.10887248410596806
0.6436486183950154,0.6620033746879223
0.9696596718489292,0.36968002721071747
0.5406406659925311,0.8894696549509193
0.15046601844461294,0.351132836634951
0.5033017157259019,0.32541367283665634
0.4360436048755255,0.2529861908442771
0.3005068057393766,0.20407661049533254
0.9408373714951319,0.9984955633387377
0.006979207432748824,0.5074131789082695
0.9570945444165033,0.10973429039102955
0.9122033674697796,0.9055417766633863
0.44220431405053906,0.15556684409757182
0.5567191871754746,0.1684250686998059
0.33533853384378287,0.2864684232190682
0.21394333315726521,0.9072104298357865
0.4165584975141058,0.44167067062041176
0.12101493835263044,0.46557242448469305
0.9225297747965564,0.9166523241984581
0.028764638445108792,0.27456509508138205
0.41521345841104895,0.11278258251612971
0.18875718608571534,0.008904898264636252
0.4633787437063299,0.4559640361518327
0.7244599525899658,0.43826954899323567
0.5415085421220002,0.6674114939486185
0.44394052660103356,0.954112020374547
0.17664600067840097,0.7972412658790422
0.5430988401109809,0.370653052398108
0.7809566883562494,0.6903354015591553
0.321290335522872,0.7481296267832996
0.7962578776908713,0.8439839261070037
0.985298451058609,0.6670406399442828
0.7464921852321261,0.938097230000655
0.8529662815031347,0.594045613937501
0.5451005497219772,0.6713200545168065
0.78439889054267,0.7233357890362707
0.9364749048885224,0.9201673582758039
0.4664987988552788,0.9517112635230691
0.26414842989767784,0.6533414090335488
0.2556998093146422,0.45126194332183356
0.8531071349454994,0.4796788224533848
0.6441145934636222,0.6404642342330957
0.16958342952318628,0.1857148038710864
0.0559141201745581,0.2226688183190917
0.5789191089560506,0.12764147718446495
0.6036077964061899,0.36036997700685003
0.9605609570351573,0.8824757462874926
0.6379953298434408,0.9843099867409008
0.6589798046523775,0.13454155117701083
0.41091248938488023,0.6983869928255647
0.2502794575085391,0.3759103416858609
0.9364946071384836,0.73449791697342
0.38648909077701155,0.6332325139721524
0.1845333877644727,0.9358630993117941
0.5430091506879657,0.0984318407517355
0.0686039206297182,0.8030425822864458
0.83940720270627,0.23702384564285572
0.3019905319741285,0.2237682220755326
0.22973665741898663,0.6753581315379285
0.08604150817640488,0.6258802389155291
0.26577845467082484,0.9268738279238999
0.7684344526979378,0.9420703480626622
0.3250815077251391,0.8074962745165237
0.06293569114692521,0.955798110613839
0.6654048335047472,0.2115923597980509
0.15758799588429506,0.30966083485175067
0.9181409298335154,0.7724404207617345
0.05486376510698754,0.7006617640783056
0.6655258676377442,0.8149606089513243
0.7851709675268504,0.5612351990647084
0.5599190549558614,0.9234894869548924
0.7142016594049616,0.8305510395078751
0.03816128797988083,0.3936731370437806
0.024964134424105167,0.2575358386076463
0.05999692967728032,0.8150905026921418
0.5969410899885692,0.04521092581763875
0.4567723901257642,0.040009243153517504
0.9276684353965963,0.5453626554452488
0.41509940370435017,0.8337142943587617
0.44613000964045835,0.14322369925208422
0.339898621978065,0.5731393198024985
0.5527159317181585,0.43375821988952257
0.8422152922753092,0.4630693837977856
0.9870931172197914,0.2843084392497508
0.8794253583714163,0.8729730180759442
0.6731887014174948,0.4027732419405563
0.13892703744631396,0.5625606244758105
0.019588192844469332,0.586154292456598
0.6011393942471461,0.760454874682894
